{
    "frames": [
        {
            "w": 512,
            "h": 512,
            "fx": 548.9937684857528,
            "fy": 548.9937684857528,
            "cx": 256.0,
            "cy": 256.0,
            "w2c": [
                [
                    0.0,
                    1.0,
                    0.0,
                    0.0
                ],
                [
                    0.3420201279649535,
                    0.0,
                    -0.939692626815058,
                    2.7716773020088448e-08
                ],
                [
                    -0.939692626815058,
                    0.0,
                    -0.3420201577672762,
                    2.7000001242619702
                ],
                [
                    0.0,
                    0.0,
                    0.0,
                    1.0
                ]
            ],
            "file_path": "renderings/00000000_rgb.png",
            "blender_camera_location": [
                2.5371700761219524,
                0.0,
                0.9234543869793057
            ]
        },
        {
            "w": 512,
            "h": 512,
            "fx": 548.9937684857528,
            "fy": 548.9937684857528,
            "cx": 256.0,
            "cy": 256.0,
            "w2c": [
                [
                    -0.38268341585202265,
                    0.9238794982873405,
                    7.2347146510960945e-09,
                    -4.325739530612901e-08
                ],
                [
                    0.31598540961450505,
                    0.13088545338308466,
                    -0.9396926340719236,
                    3.783383143847687e-08
                ],
                [
                    -0.8681627550418891,
                    -0.35960479470242374,
                    -0.34202010802687993,
                    2.699999861197942
                ],
                [
                    0.0,
                    0.0,
                    0.0,
                    1.0
                ]
            ],
            "file_path": "renderings/00000001_rgb.png",
            "blender_camera_location": [
                2.344039503829175,
                0.9709329532243449,
                0.9234543869793057
            ]
        },
        {
            "w": 512,
            "h": 512,
            "fx": 548.9937684857528,
            "fy": 548.9937684857528,
            "cx": 256.0,
            "cy": 256.0,
            "w2c": [
                [
                    -0.7071067336835231,
                    0.707106733683523,
                    -3.92523088301468e-17,
                    1.6385117771444577e-16
                ],
                [
                    0.24184474787774538,
                    0.24184474787774538,
                    -0.9396926425729167,
                    6.441155315947938e-08
                ],
                [
                    -0.6644630179132355,
                    -0.6644630179132355,
                    -0.3420201144729133,
                    2.7000000234438852
                ],
                [
                    0.0,
                    0.0,
                    0.0,
                    1.0
                ]
            ],
            "file_path": "renderings/00000002_rgb.png",
            "blender_camera_location": [
                1.794050165849422,
                1.7940501658494217,
                0.9234543869793057
            ]
        },
        {
            "w": 512,
            "h": 512,
            "fx": 548.9937684857528,
            "fy": 548.9937684857528,
            "cx": 256.0,
            "cy": 256.0,
            "w2c": [
                [
                    -0.9238794982873405,
                    0.38268341585202265,
                    -7.2347146510960945e-09,
                    4.325739530612901e-08
                ],
                [
                    0.13088545338308466,
                    0.31598540961450505,
                    -0.9396926340719236,
                    3.783383143847687e-08
                ],
                [
                    -0.35960479470242374,
                    -0.8681627550418891,
                    -0.34202010802687993,
                    2.699999861197942
                ],
                [
                    0.0,
                    0.0,
                    0.0,
                    1.0
                ]
            ],
            "file_path": "renderings/00000003_rgb.png",
            "blender_camera_location": [
                0.970932953224345,
                2.344039503829175,
                0.9234543869793057
            ]
        },
        {
            "w": 512,
            "h": 512,
            "fx": 548.9937684857528,
            "fy": 548.9937684857528,
            "cx": 256.0,
            "cy": 256.0,
            "w2c": [
                [
                    -1.0,
                    6.123233905617735e-17,
                    -3.964116798554564e-25,
                    3.356650075515144e-24
                ],
                [
                    2.0942693661652835e-17,
                    0.3420201279649535,
                    -0.939692626815058,
                    2.7716773020088448e-08
                ],
                [
                    -5.753958089132749e-17,
                    -0.939692626815058,
                    -0.3420201577672762,
                    2.7000001242619702
                ],
                [
                    0.0,
                    0.0,
                    0.0,
                    1.0
                ]
            ],
            "file_path": "renderings/00000004_rgb.png",
            "blender_camera_location": [
                1.5535686063075977e-16,
                2.5371700761219524,
                0.9234543869793057
            ]
        },
        {
            "w": 512,
            "h": 512,
            "fx": 548.9937684857528,
            "fy": 548.9937684857528,
            "cx": 256.0,
            "cy": 256.0,
            "w2c": [
                [
                    -0.9238794982873405,
                    -0.38268341585202265,
                    7.2347146510960945e-09,
                    -4.325739530612901e-08
                ],
                [
                    -0.13088545338308466,
                    0.31598540961450505,
                    -0.9396926340719236,
                    3.783383143847687e-08
                ],
                [
                    0.35960479470242374,
                    -0.8681627550418891,
                    -0.34202010802687993,
                    2.699999861197942
                ],
                [
                    0.0,
                    0.0,
                    0.0,
                    1.0
                ]
            ],
            "file_path": "renderings/00000005_rgb.png",
            "blender_camera_location": [
                -0.9709329532243447,
                2.3440395038291753,
                0.9234543869793057
            ]
        },
        {
            "w": 512,
            "h": 512,
            "fx": 548.9937684857528,
            "fy": 548.9937684857528,
            "cx": 256.0,
            "cy": 256.0,
            "w2c": [
                [
                    -0.7071067336835231,
                    -0.707106733683523,
                    3.92523088301468e-17,
                    -1.6385117771444577e-16
                ],
                [
                    -0.24184474787774538,
                    0.24184474787774538,
                    -0.9396926425729167,
                    6.441155315947938e-08
                ],
                [
                    0.6644630179132355,
                    -0.6644630179132355,
                    -0.3420201144729133,
                    2.7000000234438852
                ],
                [
                    0.0,
                    0.0,
                    0.0,
                    1.0
                ]
            ],
            "file_path": "renderings/00000006_rgb.png",
            "blender_camera_location": [
                -1.7940501658494215,
                1.794050165849422,
                0.9234543869793057
            ]
        },
        {
            "w": 512,
            "h": 512,
            "fx": 548.9937684857528,
            "fy": 548.9937684857528,
            "cx": 256.0,
            "cy": 256.0,
            "w2c": [
                [
                    -0.38268341585202265,
                    -0.9238794982873405,
                    -7.2347146510960945e-09,
                    4.325739530612901e-08
                ],
                [
                    -0.31598540961450505,
                    0.13088545338308466,
                    -0.9396926340719236,
                    3.783383143847687e-08
                ],
                [
                    0.8681627550418891,
                    -0.35960479470242374,
                    -0.34202010802687993,
                    2.699999861197942
                ],
                [
                    0.0,
                    0.0,
                    0.0,
                    1.0
                ]
            ],
            "file_path": "renderings/00000007_rgb.png",
            "blender_camera_location": [
                -2.344039503829175,
                0.9709329532243451,
                0.9234543869793057
            ]
        },
        {
            "w": 512,
            "h": 512,
            "fx": 548.9937684857528,
            "fy": 548.9937684857528,
            "cx": 256.0,
            "cy": 256.0,
            "w2c": [
                [
                    -1.224646781123547e-16,
                    -1.0,
                    -7.928233597109128e-25,
                    6.713300151030288e-24
                ],
                [
                    -0.3420201279649535,
                    4.188538732330567e-17,
                    -0.939692626815058,
                    2.7716773020088448e-08
                ],
                [
                    0.939692626815058,
                    -1.1507916178265497e-16,
                    -0.3420201577672762,
                    2.7000001242619702
                ],
                [
                    0.0,
                    0.0,
                    0.0,
                    1.0
                ]
            ],
            "file_path": "renderings/00000008_rgb.png",
            "blender_camera_location": [
                -2.5371700761219524,
                3.1071372126151953e-16,
                0.9234543869793057
            ]
        },
        {
            "w": 512,
            "h": 512,
            "fx": 548.9937684857528,
            "fy": 548.9937684857528,
            "cx": 256.0,
            "cy": 256.0,
            "w2c": [
                [
                    0.38268341585202265,
                    -0.9238794982873405,
                    7.2347146510960945e-09,
                    -4.325739530612901e-08
                ],
                [
                    -0.31598540961450505,
                    -0.13088545338308466,
                    -0.9396926340719236,
                    3.783383143847687e-08
                ],
                [
                    0.8681627550418891,
                    0.35960479470242374,
                    -0.34202010802687993,
                    2.699999861197942
                ],
                [
                    0.0,
                    0.0,
                    0.0,
                    1.0
                ]
            ],
            "file_path": "renderings/00000009_rgb.png",
            "blender_camera_location": [
                -2.3440395038291753,
                -0.9709329532243446,
                0.9234543869793057
            ]
        },
        {
            "w": 512,
            "h": 512,
            "fx": 548.9937684857528,
            "fy": 548.9937684857528,
            "cx": 256.0,
            "cy": 256.0,
            "w2c": [
                [
                    0.7071067336835231,
                    -0.707106733683523,
                    -3.92523088301468e-17,
                    1.6385117771444577e-16
                ],
                [
                    -0.24184474787774538,
                    -0.24184474787774538,
                    -0.9396926425729167,
                    6.441155315947938e-08
                ],
                [
                    0.6644630179132355,
                    0.6644630179132355,
                    -0.3420201144729133,
                    2.7000000234438852
                ],
                [
                    0.0,
                    0.0,
                    0.0,
                    1.0
                ]
            ],
            "file_path": "renderings/00000010_rgb.png",
            "blender_camera_location": [
                -1.794050165849422,
                -1.7940501658494215,
                0.9234543869793057
            ]
        },
        {
            "w": 512,
            "h": 512,
            "fx": 548.9937684857528,
            "fy": 548.9937684857528,
            "cx": 256.0,
            "cy": 256.0,
            "w2c": [
                [
                    0.9238794982873405,
                    -0.38268341585202265,
                    -7.2347146510960945e-09,
                    4.325739530612901e-08
                ],
                [
                    -0.13088545338308466,
                    -0.31598540961450505,
                    -0.9396926340719236,
                    3.783383143847687e-08
                ],
                [
                    0.35960479470242374,
                    0.8681627550418891,
                    -0.34202010802687993,
                    2.699999861197942
                ],
                [
                    0.0,
                    0.0,
                    0.0,
                    1.0
                ]
            ],
            "file_path": "renderings/00000011_rgb.png",
            "blender_camera_location": [
                -0.9709329532243463,
                -2.3440395038291744,
                0.9234543869793057
            ]
        },
        {
            "w": 512,
            "h": 512,
            "fx": 548.9937684857528,
            "fy": 548.9937684857528,
            "cx": 256.0,
            "cy": 256.0,
            "w2c": [
                [
                    1.0,
                    -1.8369700981851821e-16,
                    -3.4335251018430225e-25,
                    -1.1767617178675373e-23
                ],
                [
                    -6.282808551155719e-17,
                    -0.3420201279649535,
                    -0.939692626815058,
                    2.7716773020088448e-08
                ],
                [
                    1.726187551107108e-16,
                    0.939692626815058,
                    -0.3420201577672762,
                    2.7000001242619702
                ],
                [
                    0.0,
                    0.0,
                    0.0,
                    1.0
                ]
            ],
            "file_path": "renderings/00000012_rgb.png",
            "blender_camera_location": [
                -4.660705818922793e-16,
                -2.5371700761219524,
                0.9234543869793057
            ]
        },
        {
            "w": 512,
            "h": 512,
            "fx": 548.9937684857528,
            "fy": 548.9937684857528,
            "cx": 256.0,
            "cy": 256.0,
            "w2c": [
                [
                    0.9238794982873405,
                    0.38268341585202265,
                    7.2347146510960945e-09,
                    -4.325739530612901e-08
                ],
                [
                    0.13088545338308466,
                    -0.31598540961450505,
                    -0.9396926340719236,
                    3.783383143847687e-08
                ],
                [
                    -0.35960479470242374,
                    0.8681627550418891,
                    -0.34202010802687993,
                    2.699999861197942
                ],
                [
                    0.0,
                    0.0,
                    0.0,
                    1.0
                ]
            ],
            "file_path": "renderings/00000013_rgb.png",
            "blender_camera_location": [
                0.9709329532243456,
                -2.344039503829175,
                0.9234543869793057
            ]
        },
        {
            "w": 512,
            "h": 512,
            "fx": 548.9937684857528,
            "fy": 548.9937684857528,
            "cx": 256.0,
            "cy": 256.0,
            "w2c": [
                [
                    0.7071067336835231,
                    0.707106733683523,
                    3.92523088301468e-17,
                    -1.6385117771444577e-16
                ],
                [
                    0.24184474787774538,
                    -0.24184474787774538,
                    -0.9396926425729167,
                    6.441155315947938e-08
                ],
                [
                    -0.6644630179132355,
                    0.6644630179132355,
                    -0.3420201144729133,
                    2.7000000234438852
                ],
                [
                    0.0,
                    0.0,
                    0.0,
                    1.0
                ]
            ],
            "file_path": "renderings/00000014_rgb.png",
            "blender_camera_location": [
                1.794050165849421,
                -1.794050165849422,
                0.9234543869793057
            ]
        },
        {
            "w": 512,
            "h": 512,
            "fx": 548.9937684857528,
            "fy": 548.9937684857528,
            "cx": 256.0,
            "cy": 256.0,
            "w2c": [
                [
                    0.38268341585202265,
                    0.9238794982873405,
                    -7.2347146510960945e-09,
                    4.325739530612901e-08
                ],
                [
                    0.31598540961450505,
                    -0.13088545338308466,
                    -0.9396926340719236,
                    3.783383143847687e-08
                ],
                [
                    -0.8681627550418891,
                    0.35960479470242374,
                    -0.34202010802687993,
                    2.699999861197942
                ],
                [
                    0.0,
                    0.0,
                    0.0,
                    1.0
                ]
            ],
            "file_path": "renderings/00000015_rgb.png",
            "blender_camera_location": [
                2.3440395038291744,
                -0.9709329532243465,
                0.9234543869793057
            ]
        }
    ]
}